11,8.41421,13,0.611111,11,6.95289e-310,
27,22.4497,41,0.45,27,6.95289e-310,
18,14.2426,19,0.75,18,6.95289e-310,
43,30.8995,61,0.438776,43,6.95289e-310,
36,22.4853,39,0.642857,36,6.95289e-310,
12,10.6569,12,0.6,12,6.95289e-310,
22,16.2426,24,0.6875,22,6.95289e-310,
18,15.6569,27,0.367347,18,6.95289e-310,
12,11.0355,13,0.666667,12,6.95289e-310,
26,18.864,27,0.65,26,6.95289e-310,
21,16.8284,42,0.333333,21,6.95289e-310,
15,12.2071,16,0.833333,15,6.95289e-310,
34,25.6924,43,0.618182,34,6.95289e-310,
134,53.6274,156,0.609091,134,6.95289e-310,
58,40.1066,87,0.453125,58,6.95289e-310,
32,21.8995,38,0.571429,32,6.95289e-310,
339,99.4975,425,0.550325,339,6.95289e-310,
99,65.4558,181,0.4125,99,6.95289e-310,
12,10.8284,13,0.6,12,6.95289e-310,
312,113.497,506,0.39,312,6.95289e-310,
86,43.2132,111,0.472527,86,6.95289e-310,
10,8.20711,12,0.5,10,6.95289e-310,
10,10,11,0.666667,10,6.95289e-310,
21,16.2782,23,0.583333,21,6.95289e-310,
50,34.3137,83,0.396825,50,6.95289e-310,
1116,403.386,2356,0.275692,1168,6.95289e-310,
15,11.4142,15,0.9375,15,6.95289e-310,
28,17.4142,28,0.933333,28,6.95289e-310,
21,17.864,25,0.525,21,6.95289e-310,
39,29.2782,52,0.609375,39,6.95289e-310,
37,23.4853,42,0.616667,37,6.95289e-310,
438,126.012,604,0.438,438,6.95289e-310,
300,99.2548,427,0.358423,300,6.95289e-310,
14,12.4142,21,0.466667,14,6.95289e-310,
99,77.4914,225,0.304615,99,6.95289e-310,
53,34.3137,63,0.6625,53,6.95289e-310,
18,13.4142,21,0.6,18,6.95289e-310,
30,21.6924,34,0.5,30,6.95289e-310,
16,12.8284,17,0.8,16,6.95289e-310,
14,11.0711,15,0.583333,14,6.95289e-310,
12,10.2426,12,0.8,12,6.95289e-310,
31,21.0711,38,0.516667,31,6.95289e-310,
91,65.1777,149,0.433333,91,6.95289e-310,
15,12.0355,20,0.625,15,6.95289e-310,
15,14,20,0.555556,15,6.95289e-310,
10,7.82843,13,0.416667,10,6.95289e-310,
15,13.0355,20,0.5,15,6.95289e-310,
24,18.0355,26,0.75,24,6.95289e-310,
30,26.2426,53,0.32967,30,6.95289e-310,
56,38.7279,72,0.54902,56,6.95289e-310,
21,19.4497,37,0.272727,21,6.95289e-310,
18,18.4142,18,0.9,18,6.95289e-310,
21,15.6213,24,0.7,21,6.95289e-310,
10,8.82843,10,0.666667,10,6.95289e-310,
39,25.4853,45,0.65,39,6.95289e-310,
50,25.864,56,0.714286,50,6.95289e-310,
113,59.9706,177,0.348765,113,6.95289e-310,
29,21.6213,33,0.725,29,6.95289e-310,
68,43.6569,100,0.386364,68,6.95289e-310,
16,12.864,20,0.380952,16,6.95289e-310,
2206,424.25,3366,0.489135,2291,6.95289e-310,
12,12.2426,15,0.428571,12,6.95289e-310,
196,87.1838,340,0.268861,196,6.95289e-310,
59,27.8995,61,0.766234,59,6.95289e-310,
57,47.0711,105,0.333333,57,6.95289e-310,
12,10,12,1,12,6.95289e-310,
10,8.41421,15,0.285714,10,6.95289e-310,
35,25.4497,49,0.5,35,6.95289e-310,
15,12.4142,16,0.625,15,6.95289e-310,
14,10.8284,14,0.875,14,6.95289e-310,
36,24.864,42,0.6,36,6.95289e-310,
310,140.983,638,0.249597,310,6.95289e-310,
30,22.4853,38,0.428571,30,6.95289e-310,
17,12.6213,29,0.34,17,6.95289e-310,
17,12.8284,19,0.607143,17,6.95289e-310,
20,15.2071,30,0.444444,20,6.95289e-310,
64,48.3137,106,0.415584,64,6.95289e-310,
24,21.2782,33,0.333333,24,6.95289e-310,
14,12.2426,14,0.777778,14,6.95289e-310,
28,19.8995,36,0.466667,28,6.95289e-310,
10,9.41421,12,0.666667,10,6.95289e-310,
25,17.2426,26,0.78125,25,6.95289e-310,
29,20.864,36,0.690476,29,6.95289e-310,
17,15.6213,20,0.708333,17,6.95289e-310,
61,38.3492,82,0.312821,61,6.95289e-310,
13,12.6213,17,0.433333,13,6.95289e-310,
20,16.4497,24,0.571429,20,6.95289e-310,
92,65.5208,211,0.232323,92,6.95289e-310,
25,18.2426,28,0.714286,25,6.95289e-310,
79,52.7279,140,0.351111,79,6.95289e-310,
18,14.6213,21,0.6,18,6.95289e-310,
40,30.4853,72,0.30303,40,6.95289e-310,
19,14.4497,22,0.678571,19,6.95289e-310,
25,18.8284,40,0.390625,25,6.95289e-310,
20,16.6569,23,0.571429,20,6.95289e-310,
50,41.4142,91,0.37037,50,6.95289e-310,
10,9.03553,10,0.666667,10,6.95289e-310,
90,51.9706,139,0.428571,90,6.95289e-310,
21,15.8284,26,0.6,21,6.95289e-310,
16,12.4497,22,0.457143,16,6.95289e-310,
40,29.6569,65,0.333333,40,6.95289e-310,
58,39.5563,104,0.322222,58,6.95289e-310,
22,16.4853,25,0.611111,22,6.95289e-310,
36,25.0355,57,0.45,36,6.95289e-310,
20,16.6569,24,0.571429,20,6.95289e-310,
16,15.2071,22,0.484848,16,6.95289e-310,
64,47.3137,119,0.222222,64,6.95289e-310,
18,13.6213,19,0.857143,18,6.95289e-310,
91,68.935,214,0.252778,91,6.95289e-310,
103,55.5919,152,0.468182,103,6.95289e-310,
55,42.1421,104,0.289474,55,6.95289e-310,
15,14.4497,25,0.340909,15,6.95289e-310,
73,36.6924,94,0.603306,73,6.95289e-310,
100,39.935,110,0.699301,100,6.95289e-310,
18,15.4497,20,0.642857,18,6.95289e-310,
26,21.4853,35,0.464286,26,6.95289e-310,
10,9.24264,10,0.625,10,6.95289e-310,
13,11.4497,15,0.65,13,6.95289e-310,
11,9.62132,14,0.55,11,6.95289e-310,
20,17.0711,22,0.625,20,6.95289e-310,
13,11.2426,14,0.722222,13,6.95289e-310,
78,48.1421,135,0.4,78,6.95289e-310,
10,8.20711,17,0.416667,10,6.95289e-310,
21,13.4142,28,0.583333,21,6.95289e-310,
26,16.0355,28,0.742857,26,6.95289e-310,
20,15.0355,28,0.408163,20,6.95289e-310,
15,13.0355,16,0.714286,15,6.95289e-310,
87,44.3848,111,0.494318,87,6.95289e-310,
47,31.4497,64,0.451923,47,6.95289e-310,
110,52.4558,148,0.555556,110,6.95289e-310,
15,12.4853,16,0.6,15,6.95289e-310,
56,29.8995,64,0.666667,56,6.95289e-310,
35,21.6924,39,0.583333,35,6.95289e-310,
21,15.0355,37,0.333333,21,6.95289e-310,
11,11,13,0.611111,11,6.95289e-310,
19,14,21,0.703704,19,6.95289e-310,
21,14.6569,27,0.466667,21,6.95289e-310,
18,13.6213,22,0.6,18,6.95289e-310,
1949,429.084,3265,0.385635,1970,6.95289e-310,
39,26.0711,61,0.443182,39,6.95289e-310,
24,18.4497,35,0.48,24,6.95289e-310,
15,13.2426,20,0.416667,15,6.95289e-310,
17,13.4497,18,0.68,17,6.95289e-310,
21,14.2426,22,0.84,21,6.95289e-310,
144,51.5563,170,0.727273,144,6.95289e-310,
14,11.4142,15,0.7,14,6.95289e-310,
18,13.6569,19,0.75,18,6.95289e-310,
21,15.0711,21,0.75,21,6.95289e-310,
16,12.4142,17,0.8,16,6.95289e-310,
27,17.0711,27,0.75,27,6.95289e-310,
13,10.8284,14,0.8125,13,6.95289e-310,
15,12.4853,15,0.625,15,6.95289e-310,
18,13.8284,20,0.72,18,6.95289e-310,
48,31.0711,64,0.5,48,6.95289e-310,
46,31.1066,64,0.442308,46,6.95289e-310,
16,12.6213,16,0.8,16,6.95289e-310,
260,96.9411,366,0.541667,260,6.95289e-310,
254,120.734,379,0.355245,254,6.95289e-310,
14,13,18,0.583333,14,6.95289e-310,
861,281.315,1442,0.141055,861,6.95289e-310,
17,13.0355,19,0.708333,17,6.95289e-310,
32,24.3137,41,0.4,32,6.95289e-310,
28,21.0711,36,0.5,28,6.95289e-310,
14,14.8284,21,0.466667,14,6.95289e-310,
22,16.2782,27,0.52381,22,6.95289e-310,
28,20.8284,29,0.848485,28,6.95289e-310,
15,14.6213,27,0.267857,15,6.95289e-310,
12,7.62132,13,0.6,12,6.95289e-310,
10,8.44975,10,0.625,10,6.95289e-310,
62,31.7279,71,0.574074,62,6.95289e-310,
958,217.989,1479,0.44662,958,6.95289e-310,
22,15.4142,26,0.628571,22,6.95289e-310,
40,25.5563,45,0.493827,40,6.95289e-310,
86,57.1421,143,0.472527,86,6.95289e-310,
62,39.2132,77,0.340659,62,6.95289e-310,
36,28.0711,66,0.257143,36,6.95289e-310,
100,59.799,166,0.346021,100,6.95289e-310,
11,10,13,0.6875,11,6.95289e-310,
70,42.0711,123,0.353535,70,6.95289e-310,
80,43.7635,112,0.512821,80,6.95289e-310,
20,19.4142,30,0.5,20,6.95289e-310,
1352,322.93,2082,0.484588,1352,6.95289e-310,
10,9.65685,10,0.666667,10,6.95289e-310,
16,13.4853,17,0.533333,16,6.95289e-310,
55,28.1421,57,0.611111,55,6.95289e-310,
72,34.1421,82,0.666667,72,6.95289e-310,
11,7.20711,15,0.458333,11,6.95289e-310,
29,19.0711,32,0.725,29,6.95289e-310,
11,9.41421,11,0.916667,11,6.95289e-310,
16,12.2071,23,0.533333,16,6.95289e-310,
123,51.1421,164,0.525641,123,6.95289e-310,
13,12.0355,17,0.433333,13,6.95289e-310,
12,10.0355,17,0.4,12,6.95289e-310,
13,10.6569,15,0.52,13,6.95289e-310,
38,27.4497,56,0.493506,38,6.95289e-310,
41,25.2782,47,0.569444,41,6.95289e-310,
18,15.0355,21,0.514286,18,6.95289e-310,
16,14.0355,22,0.4,16,6.95289e-310,
32,21.0711,37,0.666667,32,6.95289e-310,
16,14.4142,26,0.444444,16,6.95289e-310,
26,20.8284,42,0.433333,26,6.95289e-310,
14,12.6569,15,0.583333,14,6.95289e-310,
71,34.5563,83,0.563492,71,6.95289e-310,
22,17.6213,34,0.44898,22,6.95289e-310,
25,19.2426,32,0.625,25,6.95289e-310,
19,17.2071,24,0.351852,19,6.95289e-310,
20,14.4853,21,0.666667,20,6.95289e-310,
21,15.8284,24,0.7,21,6.95289e-310,
29,21.8284,47,0.414286,29,6.95289e-310,
17,17.2071,26,0.404762,17,6.95289e-310,
74,36.1421,87,0.569231,74,6.95289e-310,
237,130.841,458,0.365741,237,6.95289e-310,
11,11,13,0.611111,11,6.95289e-310,
37,22.8995,41,0.578125,37,6.95289e-310,
42,25.2782,54,0.5,42,6.95289e-310,
86,47.3492,143,0.438776,86,6.95289e-310,
24,18.4497,28,0.6,24,6.95289e-310,
4994,853.292,7451,0.490763,5288,6.95289e-310,
154,70.0416,203,0.473846,154,6.95289e-310,
13,9.44975,14,0.541667,13,6.95289e-310,
11,10.4497,12,0.55,11,6.95289e-310,
17,12.4497,18,0.708333,17,6.95289e-310,
165,69.8345,234,0.509259,165,6.95289e-310,
34,19.0711,35,0.809524,34,6.95289e-310,
113,56.6274,156,0.434615,113,6.95289e-310,
22,19.864,36,0.44,22,6.95289e-310,
12,10,12,1,12,6.95289e-310,
12,10,12,1,12,6.95289e-310,
30,18.8284,31,0.833333,30,6.95289e-310,
34,21.4853,37,0.62963,34,6.95289e-310,
52,25.8995,56,0.722222,52,6.95289e-310,
23,21.5208,35,0.383333,23,6.95289e-310,
114,44.6274,146,0.508929,114,6.95289e-310,
19,14.2426,23,0.527778,19,6.95289e-310,
37,22.0711,40,0.74,37,6.95289e-310,
10,8.62132,11,0.666667,10,6.95289e-310,
12,10,12,1,12,6.95289e-310,
20,15.0355,21,0.714286,20,6.95289e-310,
128,53.0416,158,0.492308,128,6.95289e-310,
15,11.4142,15,0.9375,15,6.95289e-310,
15,11.4142,15,0.9375,15,6.95289e-310,
335,128.361,458,0.496296,379,6.95289e-310,
44,27.8995,53,0.571429,44,6.95289e-310,
16,12.2426,17,0.8,16,6.95289e-310,
33,24.864,44,0.392857,33,6.95289e-310,
20,14.4853,21,0.666667,20,6.95289e-310,
30,18.2426,31,0.833333,30,6.95289e-310,
108,40.799,121,0.639053,108,6.95289e-310,
72,39.3848,101,0.503497,72,6.95289e-310,
14,12.0355,15,0.7,14,6.95289e-310,
52,31.3137,67,0.577778,52,6.95289e-310,
331,124.805,520,0.417929,346,6.95289e-310,
12,10,12,1,12,6.95289e-310,
15,11.4142,15,0.9375,15,6.95289e-310,
11,10.0355,11,0.6875,11,6.95289e-310,
14,11.6569,16,0.466667,14,6.95289e-310,
18,13.864,20,0.642857,18,6.95289e-310,
32,21.2782,40,0.444444,32,6.95289e-310,
13,9.62132,16,0.52,13,6.95289e-310,
27,17.4142,28,0.9,27,6.95289e-310,
16,12.6213,20,0.457143,16,6.95289e-310,
12,10.4142,12,0.75,12,6.95289e-310,
16,12.8284,18,0.666667,16,6.95289e-310,
20,14.6569,21,0.666667,20,6.95289e-310,
24,19.2426,29,0.6,24,6.95289e-310,
16,14.2071,20,0.533333,16,6.95289e-310,
33,23.3137,41,0.515625,33,6.95289e-310,
97,55.0061,155,0.404167,97,6.95289e-310,
46,33.4853,77,0.425926,46,6.95289e-310,
20,17.6569,25,0.555556,20,6.95289e-310,
48,34.3848,66,0.290909,48,6.95289e-310,
37,26.1066,43,0.513889,37,6.95289e-310,
50,28.2782,64,0.505051,50,6.95289e-310,
15,11.8284,21,0.416667,15,6.95289e-310,
48,35.4853,79,0.410256,48,6.95289e-310,
102,49.5563,139,0.461538,102,6.95289e-310,
97,56.5919,159,0.404167,97,6.95289e-310,
15,13.4142,19,0.428571,15,6.95289e-310,
36,28.6569,72,0.272727,36,6.95289e-310,
11,10.2426,11,0.733333,11,6.95289e-310,
16,12.2426,17,0.8,16,6.95289e-310,
20,15.2426,22,0.714286,20,6.95289e-310,
13,10.6213,15,0.65,13,6.95289e-310,
14,11.8284,18,0.583333,14,6.95289e-310,
10,8.20711,10,0.833333,10,6.95289e-310,
11,9.03553,11,0.733333,11,6.95289e-310,
23,16.2426,30,0.479167,23,6.95289e-310,
23,20.4497,32,0.410714,23,6.95289e-310,
23,17.3137,24,0.479167,23,6.95289e-310,
53,29.3137,58,0.602273,53,6.95289e-310,
16,14.2426,26,0.380952,16,6.95289e-310,
132,62.2843,165,0.488889,132,6.95289e-310,
516,247.125,1310,0.275641,516,6.95289e-310,
32,22.6569,40,0.533333,32,6.95289e-310,
22,20.2071,34,0.366667,22,6.95289e-310,
10,8.41421,15,0.4,10,6.95289e-310,
10,9.41421,11,0.666667,10,6.95289e-310,
144,65.8345,226,0.428571,144,6.95289e-310,
11,7.03553,15,0.458333,11,6.95289e-310,
13,11.6213,15,0.65,13,6.95289e-310,
90,55.1421,125,0.384615,90,6.95289e-310,
13,13.6213,21,0.40625,13,6.95289e-310,
11,10.2071,14,0.611111,11,6.95289e-310,
14,13.2071,20,0.424242,14,6.95289e-310,
10,10.4142,11,0.555556,10,6.95289e-310,
20,19.4142,28,0.416667,20,6.95289e-310,
20,15.2426,27,0.47619,20,6.95289e-310,
26,19.0355,38,0.412698,26,6.95289e-310,
75,40.7279,100,0.576923,75,6.95289e-310,
105,65.5208,211,0.299145,105,6.95289e-310,
326,211.906,648,0.354348,326,6.95289e-310,
735,392.853,1441,0.397297,735,6.95289e-310,
10,7,15,0.416667,10,6.95289e-310,
16,12,28,0.333333,16,6.95289e-310,
24,18.4142,34,0.533333,24,6.95289e-310,
14,11.8284,19,0.466667,14,6.95289e-310,
39,26.4497,45,0.696429,39,6.95289e-310,
71,49.5563,129,0.358586,71,6.95289e-310,
41,32.4497,48,0.602941,41,6.95289e-310,
43,29.864,59,0.377193,43,6.95289e-310,
1210,321.148,1375,0.630208,1210,6.95289e-310,
22,16.4497,25,0.611111,22,6.95289e-310,
59,34.7279,83,0.453846,59,6.95289e-310,
35,30.0355,58,0.324074,35,6.95289e-310,
21,18.0355,31,0.42,21,6.95289e-310,
13,12.2071,14,0.8125,13,6.95289e-310,
16,13.8284,23,0.533333,16,6.95289e-310,
17,14.4142,27,0.354167,17,6.95289e-310,
57,39.864,108,0.335294,57,6.95289e-310,
27,23.6213,31,0.692308,27,6.95289e-310,
245,102.042,376,0.459662,245,6.95289e-310,
51,31.0711,71,0.485714,51,6.95289e-310,
41,23.8995,44,0.650794,41,6.95289e-310,
27,19.0355,30,0.75,27,6.95289e-310,
28,21.2782,40,0.4375,28,6.95289e-310,
12,12.4497,16,0.428571,12,6.95289e-310,
25,17.6569,28,0.568182,25,6.95289e-310,
69,44.4853,115,0.383333,69,6.95289e-310,
46,29.8995,70,0.380165,46,6.95289e-310,
39,28.8995,51,0.382353,39,6.95289e-310,
44,30.2782,72,0.458333,44,6.95289e-310,
31,19.4853,37,0.442857,31,6.95289e-310,
73,36.7279,85,0.603306,73,6.95289e-310,
28,21.2426,44,0.5,28,6.95289e-310,
13,12.8284,26,0.309524,13,6.95289e-310,
45,36.0711,93,0.296053,45,6.95289e-310,
232,74.5269,276,0.615385,232,6.95289e-310,
81,42.0061,107,0.482143,81,6.95289e-310,
11,8.65685,12,0.55,11,6.95289e-310,
182,81.4558,297,0.399123,182,6.95289e-310,
12,11.0355,15,0.6,12,6.95289e-310,
109,51.4203,146,0.558974,109,6.95289e-310,
10,9.41421,15,0.4,10,6.95289e-310,
71,47.5563,135,0.311404,71,6.95289e-310,
10,8.82843,10,0.833333,10,6.95289e-310,
209,102.906,352,0.407407,227,6.95289e-310,
18,13.4142,19,0.9,18,6.95289e-310,
146,75.5919,198,0.528986,155,6.95289e-310,
16,15.6213,25,0.444444,16,6.95289e-310,
21,17.6569,25,0.35,21,6.95289e-310,
31,23.2426,45,0.476923,31,6.95289e-310,
219,80.2843,298,0.386243,219,6.95289e-310,
152,74.4558,289,0.331155,152,6.95289e-310,
407,234.249,589,0.431144,407,6.95289e-310,
23,17.8995,28,0.479167,23,6.95289e-310,
21,16.2426,31,0.466667,21,6.95289e-310,
175,72.8701,256,0.432099,175,6.95289e-310,
18,13.6213,18,0.857143,18,6.95289e-310,
35,25.2071,38,0.833333,35,6.95289e-310,
11,9.03553,12,0.733333,11,6.95289e-310,
72,41.3492,92,0.571429,72,6.95289e-310,
64,32.8995,76,0.592593,64,6.95289e-310,
18,14.6924,21,0.6,18,6.95289e-310,
27,22.8284,42,0.45,27,6.95289e-310,
88,58.1777,143,0.244444,88,6.95289e-310,
55,29.3137,77,0.392857,55,6.95289e-310,
16,13.2426,18,0.666667,16,6.95289e-310,
13,9.20711,16,0.541667,13,6.95289e-310,
14,12.0355,22,0.388889,14,6.95289e-310,
14,11.8284,21,0.388889,14,6.95289e-310,
14,11.0355,16,0.56,14,6.95289e-310,
11,8.62132,11,0.733333,11,6.95289e-310,
24,21.4853,33,0.380952,24,6.95289e-310,
27,19.3137,28,0.5625,27,6.95289e-310,
11,8,12,0.733333,11,6.95289e-310,
22,18.0711,24,0.611111,22,6.95289e-310,
31,20.4853,34,0.645833,31,6.95289e-310,
121,51.7279,145,0.636842,121,6.95289e-310,
13,11.8284,15,0.65,13,6.95289e-310,
63,33.6924,76,0.5625,63,6.95289e-310,
896,190.811,1135,0.516129,896,6.95289e-310,
16,13.6213,20,0.592593,16,6.95289e-310,
212,106.971,318,0.424,212,6.95289e-310,
222,86.663,294,0.474359,222,6.95289e-310,
412,136.598,576,0.538562,412,6.95289e-310,
29,20.2426,34,0.557692,29,6.95289e-310,
10,10.4142,10,0.833333,10,6.95289e-310,
15,12.0355,18,0.5,15,6.95289e-310,
28,18.6213,33,0.622222,28,6.95289e-310,
48,28.1066,55,0.571429,48,6.95289e-310,
16,14.2071,30,0.290909,16,6.95289e-310,
23,19.2071,29,0.69697,23,6.95289e-310,
267,95.2132,367,0.508571,267,6.95289e-310,
12,10,14,0.666667,12,6.95289e-310,
22,16.4142,27,0.564103,22,6.95289e-310,
144,94.5563,278,0.382979,144,6.95289e-310,
358,154.841,634,0.365306,385,6.95289e-310,
15,13.8284,22,0.416667,15,6.95289e-310,
39,28.4853,65,0.382353,39,6.95289e-310,
27,18.8284,28,0.84375,27,6.95289e-310,
54,29.864,75,0.45,54,6.95289e-310,
215,78.2843,279,0.495392,215,6.95289e-310,
12,10,12,1,12,6.95289e-310,
24,21.6569,41,0.428571,24,6.95289e-310,
25,18.2782,33,0.462963,25,6.95289e-310,
498,177.054,867,0.408867,498,6.95289e-310,
199,74.9056,281,0.394841,199,6.95289e-310,
78,49.3492,116,0.342105,78,6.95289e-310,
18,16.0711,21,0.514286,18,6.95289e-310,
12,11.2071,13,0.75,12,6.95289e-310,
15,12.6213,26,0.375,15,6.95289e-310,
40,28.5208,52,0.615385,40,6.95289e-310,
62,46.935,105,0.3875,62,6.95289e-310,
14,11.4142,14,0.933333,14,6.95289e-310,
11,9.82843,13,0.611111,11,6.95289e-310,
23,18.2426,29,0.469388,23,6.95289e-310,
10,9.20711,11,0.714286,10,6.95289e-310,
12,12,12,1,12,6.95289e-310,
18,16.4142,30,0.5,18,6.95289e-310,
38,23.864,50,0.527778,38,6.95289e-310,
46,37.5208,83,0.359375,46,6.95289e-310,
17,15.0355,30,0.377778,17,6.95289e-310,
11,11,14,0.611111,11,6.95289e-310,
10,10,10,1,10,6.95289e-310,
13,13.4142,18,0.464286,13,6.95289e-310,
10,8.82843,10,0.833333,10,6.95289e-310,
13,11.4142,23,0.464286,13,6.95289e-310,
335,191.977,677,0.253788,335,6.95289e-310,
13,11,15,0.65,13,6.95289e-310,
44,31.2426,80,0.376068,44,6.95289e-310,
27,19.0355,35,0.5,27,6.95289e-310,
17,16.0355,25,0.515152,17,6.95289e-310,
14,11.4142,17,0.583333,14,6.95289e-310,
21,15.6213,30,0.466667,21,6.95289e-310,
20,19.2071,35,0.416667,20,6.95289e-310,
38,30.6213,70,0.339286,38,6.95289e-310,
11,10.4497,12,0.55,11,6.95289e-310,
19,18.6213,32,0.316667,19,6.95289e-310,
54,40.8284,109,0.317647,54,6.95289e-310,
32,24.0711,43,0.444444,32,6.95289e-310,
36,24.4497,50,0.514286,36,6.95289e-310,
51,35.3137,70,0.375,51,6.95289e-310,
11,10.2071,13,0.733333,11,6.95289e-310,
11,9.62132,12,0.733333,11,6.95289e-310,
12,11.4142,16,0.571429,12,6.95289e-310,
32,24.864,42,0.457143,32,6.95289e-310,
23,18.4142,32,0.511111,23,6.95289e-310,
31,23.4497,47,0.3875,31,6.95289e-310,
37,27.2426,54,0.578125,37,6.95289e-310,
19,17.6213,29,0.422222,19,6.95289e-310,
22,18.8284,30,0.458333,22,6.95289e-310,
39,24.864,47,0.557143,39,6.95289e-310,
21,15.4497,23,0.7,21,6.95289e-310,
37,32.2426,68,0.272059,37,6.95289e-310,
13,11.2426,15,0.433333,13,6.95289e-310,
42,36.2426,70,0.375,42,6.95289e-310,
33,25.864,55,0.34375,33,6.95289e-310,
92,48.1777,134,0.410714,92,6.95289e-310,
26,18.864,34,0.464286,26,6.95289e-310,
29,17.864,32,0.644444,29,6.95289e-310,
14,12.8284,17,0.583333,14,6.95289e-310,
15,13.2426,17,0.6,15,6.95289e-310,
21,15.0711,23,0.7,21,6.95289e-310,
75,41.6274,100,0.390625,75,6.95289e-310,
10,8.82843,10,0.833333,10,6.95289e-310,
29,21.6213,31,0.805556,29,6.95289e-310,
31,24.6569,50,0.430556,31,6.95289e-310,
29,22.0355,41,0.483333,29,6.95289e-310,
14,10.8284,16,0.666667,14,6.95289e-310,
14,12.6569,24,0.388889,14,6.95289e-310,
15,13.0711,16,0.5,15,6.95289e-310,
10,9.65685,10,0.666667,10,6.95289e-310,
16,16.2071,21,0.592593,16,6.95289e-310,
20,17.4497,28,0.555556,20,6.95289e-310,
19,15.8284,26,0.527778,19,6.95289e-310,
20,15.8284,25,0.666667,20,6.95289e-310,
10,8.20711,13,0.47619,10,6.95289e-310,
49,31.6924,68,0.418803,49,6.95289e-310,
11,10.2071,12,0.55,11,6.95289e-310,
17,14.8284,24,0.53125,17,6.95289e-310,
21,19.2782,29,0.388889,21,6.95289e-310,
21,16.6569,23,0.65625,21,6.95289e-310,
26,22.2426,44,0.433333,26,6.95289e-310,
10,8.24264,18,0.333333,10,6.95289e-310,
12,12.8995,14,0.48,12,6.95289e-310,
34,29.8995,70,0.386364,34,6.95289e-310,
11,10.2426,12,0.55,11,6.95289e-310,
27,26,39,0.421875,27,6.95289e-310,
17,16.6213,27,0.309091,17,6.95289e-310,
28,21.1066,32,0.509091,28,6.95289e-310,
22,19.864,37,0.285714,22,6.95289e-310,
26,19.8995,33,0.541667,26,6.95289e-310,
29,21.0355,33,0.725,29,6.95289e-310,
12,11.6213,16,0.5,12,6.95289e-310,
36,20.2426,36,0.9,36,6.95289e-310,
10,9.24264,11,0.666667,10,6.95289e-310,
18,13.6213,21,0.666667,18,6.95289e-310,
24,20.4142,36,0.428571,24,6.95289e-310,
14,12.864,16,0.583333,14,6.95289e-310,
12,10.2071,13,0.8,12,6.95289e-310,
379,128.255,563,0.501323,379,6.95289e-310,
27,26.2071,43,0.421875,27,6.95289e-310,
11,9.20711,14,0.458333,11,6.95289e-310,
12,10.4142,13,0.75,12,6.95289e-310,
11,10.2071,12,0.785714,11,6.95289e-310,
15,13.2071,20,0.5,15,6.95289e-310,
28,23.6213,41,0.430769,28,6.95289e-310,
10,9.44975,11,0.555556,10,6.95289e-310,
19,15.2426,24,0.678571,19,6.95289e-310,
47,32.4497,74,0.419643,47,6.95289e-310,
16,13.2071,17,0.666667,16,6.95289e-310,
1928,542.978,3965,0.32678,2059,6.95289e-310,
16,14.2071,29,0.355556,16,6.95289e-310,
12,10.8284,12,0.666667,12,6.95289e-310,
40,29.8995,61,0.533333,40,6.95289e-310,
15,12.0355,16,0.714286,15,6.95289e-310,
15,12,15,1,15,6.95289e-310,
37,30.8995,67,0.352381,37,6.95289e-310,
116,44.4853,128,0.75817,116,6.95289e-310,
41,27.4853,60,0.394231,41,6.95289e-310,
16,15,24,0.363636,16,6.95289e-310,
19,14.2426,20,0.791667,19,6.95289e-310,
34,24.8284,40,0.68,34,6.95289e-310,
31,22.1066,36,0.574074,31,6.95289e-310,
23,18.2426,28,0.638889,23,6.95289e-310,
54,38.2782,128,0.284211,54,6.95289e-310,
28,18.2426,29,0.8,28,6.95289e-310,
10,10.4142,13,0.416667,10,6.95289e-310,
12,9.41421,15,0.571429,12,6.95289e-310,
12,11.4142,20,0.4,12,6.95289e-310,
11,10.4497,12,0.52381,11,6.95289e-310,
11,10.4497,12,0.55,11,6.95289e-310,
729,290.231,1352,0.336565,741,6.95289e-310,
43,29.6569,52,0.661538,43,6.95289e-310,
14,11.0355,14,0.777778,14,6.95289e-310,
23,19.2782,39,0.383333,23,6.95289e-310,
12,10,12,1,12,6.95289e-310,
47,32.864,77,0.391667,47,6.95289e-310,
15,12.4853,17,0.5,15,6.95289e-310,
15,11.4142,15,0.9375,15,6.95289e-310,
32,24.2782,52,0.457143,32,6.95289e-310,
20,14.8284,21,0.833333,20,6.95289e-310,
17,12.4142,18,0.809524,17,6.95289e-310,
10,9.20711,11,0.5,10,6.95289e-310,
25,21.6569,41,0.357143,25,6.95289e-310,
43,32.3137,58,0.355372,43,6.95289e-310,
47,27.6924,60,0.474747,47,6.95289e-310,
10,8.62132,10,0.666667,10,6.95289e-310,
11,10.2071,12,0.52381,11,6.95289e-310,
21,17.0711,23,0.65625,21,6.95289e-310,
30,24.0355,44,0.38961,30,6.95289e-310,
10,8.20711,11,0.833333,10,6.95289e-310,
65,49.7279,138,0.280172,65,6.95289e-310,
21,16.4142,30,0.466667,21,6.95289e-310,
15,12.8284,17,0.714286,15,6.95289e-310,
50,36.864,80,0.347222,50,6.95289e-310,
85,54.7635,116,0.393519,85,6.95289e-310,
381,184.604,719,0.373529,446,6.95289e-310,
42,23.0711,45,0.75,42,6.95289e-310,
23,16.2426,24,0.766667,23,6.95289e-310,
39,27.3137,53,0.557143,39,6.95289e-310,
12,11.6213,14,0.6,12,6.95289e-310,
43,31.3137,66,0.34127,43,6.95289e-310,
16,13.2426,16,0.666667,16,6.95289e-310,
73,44.1421,112,0.540741,73,6.95289e-310,
28,19.2426,32,0.666667,28,6.95289e-310,
38,27.4853,53,0.487179,38,6.95289e-310,
39,24.4853,44,0.557143,39,6.95289e-310,
11,9.82843,11,0.6875,11,6.95289e-310,
11,9.62132,14,0.44,11,6.95289e-310,
31,22.8284,42,0.430556,31,6.95289e-310,
19,14.864,24,0.452381,19,6.95289e-310,
26,20.0711,34,0.464286,26,6.95289e-310,
37,21.2782,40,0.672727,37,6.95289e-310,
18,14.4142,24,0.5625,18,6.95289e-310,
45,26.3137,50,0.584416,45,6.95289e-310,
12,11,14,0.666667,12,6.95289e-310,
21,16.6569,23,0.6,21,6.95289e-310,
50,24.7279,53,0.694444,50,6.95289e-310,
93,43.0061,112,0.603896,93,6.95289e-310,
21,15.4497,25,0.583333,21,6.95289e-310,
145,71.0772,256,0.3625,145,6.95289e-310,
112,72.2132,243,0.333333,112,6.95289e-310,
33,24.6569,44,0.428571,33,6.95289e-310,
56,32.8995,71,0.538462,56,6.95289e-310,
3183,568.801,5126,0.139697,3183,6.95289e-310,
58,30.5208,79,0.527273,58,6.95289e-310,
23,17.4497,28,0.511111,23,6.95289e-310,
24,19.4142,32,0.428571,24,6.95289e-310,
103,43.799,123,0.52551,103,6.95289e-310,
41,26.0711,52,0.525641,41,6.95289e-310,
22,14.4853,22,0.733333,22,6.95289e-310,
16,13.6569,21,0.5,16,6.95289e-310,
64,33.7279,81,0.581818,64,6.95289e-310,
153,71.2132,257,0.3825,153,6.95289e-310,
10,9.44975,10,0.625,10,6.95289e-310,
17,12.4142,22,0.53125,17,6.95289e-310,
70,35.1421,83,0.530303,70,6.95289e-310,
38,22.7635,44,0.475,38,6.95289e-310,
2508,636.523,5633,0.271429,2552,6.95289e-310,
11,9.82843,13,0.55,11,6.95289e-310,
44,23.8995,48,0.6875,44,6.95289e-310,
590,185.711,1000,0.351819,612,6.95289e-310,
22,14.8284,22,0.88,22,6.95289e-310,
947,254.137,1714,0.347141,959,6.95289e-310,
13,12.0355,15,0.52,13,6.95289e-310,
12,10,12,1,12,6.95289e-310,
24,18.6213,34,0.6,24,6.95289e-310,
26,17.4497,29,0.722222,26,6.95289e-310,
18,14.8284,22,0.6,18,6.95289e-310,
20,13.6569,24,0.555556,20,6.95289e-310,
415,113.219,537,0.567715,415,6.95289e-310,
758,213.095,1265,0.416484,758,6.95289e-310,
31,20.7279,34,0.553571,31,6.95289e-310,
14,11.8284,17,0.5,14,6.95289e-310,
83,37.1066,98,0.691667,83,6.95289e-310,
10,8.82843,10,0.833333,10,6.95289e-310,
59,31.8995,73,0.602041,59,6.95289e-310,
71,36.3492,92,0.455128,71,6.95289e-310,
39,30.3137,55,0.464286,39,6.95289e-310,
10,8.82843,11,0.666667,10,6.95289e-310,
20,19.0355,26,0.555556,20,6.95289e-310,
80,43.3848,102,0.5,80,6.95289e-310,
62,34.5208,77,0.553571,62,6.95289e-310,
10,9.65685,10,0.666667,10,6.95289e-310,
18,14.0711,20,0.6,18,6.95289e-310,
19,15.6213,25,0.475,19,6.95289e-310,
148,79.9056,251,0.370927,148,6.95289e-310,
12,9.41421,13,0.6,12,6.95289e-310,
191,62.799,246,0.568452,191,6.95289e-310,
15,11.8284,16,0.75,15,6.95289e-310,
596,162.16,887,0.440828,596,6.95289e-310,
23,17.6924,28,0.479167,23,6.95289e-310,
57,38.1421,87,0.438462,57,6.95289e-310,
329,110.148,451,0.537582,329,6.95289e-310,
94,42.1421,120,0.502674,94,6.95289e-310,
60,33.7635,75,0.47619,60,6.95289e-310,
60,37.3492,89,0.5,60,6.95289e-310,
15,11.2071,21,0.428571,15,6.95289e-310,
19,13.2426,24,0.59375,19,6.95289e-310,
49,32.5208,63,0.453704,49,6.95289e-310,
83,34.4853,91,0.754545,83,6.95289e-310,
15,13.2782,17,0.428571,15,6.95289e-310,
293,116.669,414,0.550752,350,6.95289e-310,
57,27.0711,60,0.791667,57,6.95289e-310,
48,39.6924,76,0.4,48,6.95289e-310,
15,14.0355,19,0.357143,15,6.95289e-310,
31,21.1421,37,0.492063,31,6.95289e-310,
25,17.4497,27,0.694444,25,6.95289e-310,
121,48.3848,142,0.57619,121,6.95289e-310,
11,9.62132,21,0.366667,11,6.95289e-310,
20,17.2782,25,0.416667,20,6.95289e-310,
60,34.3137,80,0.47619,60,6.95289e-310,
19,16.0711,20,0.542857,19,6.95289e-310,
14,12.0711,15,0.583333,14,6.95289e-310,
155,62.0416,203,0.434174,155,6.95289e-310,
3888,597.37,6519,0.134486,3888,6.95289e-310,
30,22.4497,39,0.555556,30,6.95289e-310,
21,21.2071,25,0.636364,21,6.95289e-310,
13,13.2071,21,0.371429,13,6.95289e-310,
15,10.8284,25,0.416667,15,6.95289e-310,
14,11,19,0.466667,14,6.95289e-310,
115,50.3848,137,0.608466,115,6.95289e-310,
29,21.0355,46,0.460317,29,6.95289e-310,
246,90.9056,354,0.5125,271,6.95289e-310,
25,16.2426,26,0.833333,25,6.95289e-310,
69,39.1421,105,0.392045,69,6.95289e-310,
31,24.0355,45,0.442857,31,6.95289e-310,
118,49.5919,146,0.59596,118,6.95289e-310,
65,45.3848,91,0.343915,65,6.95289e-310,
28,18.6924,31,0.5,28,6.95289e-310,
26,18.6569,30,0.619048,26,6.95289e-310,
18,14.2426,19,0.6,18,6.95289e-310,
22,17.6569,28,0.458333,22,6.95289e-310,
186,64.0061,241,0.484375,186,6.95289e-310,
154,52.7635,193,0.603922,154,6.95289e-310,
19,14.2426,21,0.76,19,6.95289e-310,
444,129.048,657,0.480519,444,6.95289e-310,
142,68.0416,197,0.455128,142,6.95289e-310,
41,25.6924,55,0.465909,41,6.95289e-310,
62,33.8995,70,0.688889,62,6.95289e-310,
10,10.2071,12,0.666667,10,6.95289e-310,
11,9.82843,12,0.6875,11,6.95289e-310,
10,8.82843,11,0.666667,10,6.95289e-310,
11,10.2071,13,0.611111,11,6.95289e-310,
15,13.2071,24,0.416667,15,6.95289e-310,
48,29.2782,63,0.484848,48,6.95289e-310,
26,21.0711,36,0.361111,26,6.95289e-310,
10,8.03553,12,0.555556,10,6.95289e-310,
218,84.9056,287,0.550505,218,6.95289e-310,
12,11.2426,13,0.6,12,6.95289e-310,
33,22.8995,37,0.471429,33,6.95289e-310,
11,8.20711,15,0.55,11,6.95289e-310,
147,53.3848,182,0.540441,147,6.95289e-310,
20,18.6569,32,0.416667,20,6.95289e-310,
19,14.2071,32,0.395833,19,6.95289e-310,
34,25.4497,50,0.472222,34,6.95289e-310,
20,18.8284,36,0.512821,20,6.95289e-310,
18,14.6213,21,0.6,18,6.95289e-310,
94,58.2132,156,0.494737,94,6.95289e-310,
11,10.4142,17,0.458333,11,6.95289e-310,
140,76.0061,225,0.451613,140,6.95289e-310,
1316,340.409,2023,0.424516,1331,6.95289e-310,
312,118.385,368,0.629032,312,6.95289e-310,
131,66.5919,219,0.389881,131,6.95289e-310,
15,12,15,1,15,6.95289e-310,
12,11.2426,17,0.5,12,6.95289e-310,
22,18.6213,28,0.5,22,6.95289e-310,
132,69.7635,182,0.564103,141,6.95289e-310,
150,81.8345,229,0.462963,162,6.95289e-310,
12,10,12,1,12,6.95289e-310,
20955,1397.25,30441,0.145886,20955,6.95289e-310,
13,11.6213,20,0.361111,13,6.95289e-310,
361,133.113,496,0.48262,361,6.95289e-310,
14,12.2071,22,0.424242,14,6.95289e-310,
394,126.326,627,0.398785,394,6.95289e-310,
11,9.41421,13,0.6875,11,6.95289e-310,
41,28.5563,60,0.394231,41,6.95289e-310,
55,38.4853,94,0.429688,55,6.95289e-310,
12,11.0355,22,0.363636,12,6.95289e-310,
38,27.864,47,0.542857,38,6.95289e-310,
16,12.0355,17,0.666667,16,6.95289e-310,
171,52.5563,196,0.628676,171,6.95289e-310,
10,8.44975,10,0.625,10,6.95289e-310,
55,35.1066,78,0.423077,55,6.95289e-310,
152,55.5919,188,0.596078,152,6.95289e-310,
346,81.1838,397,0.568144,346,6.95289e-310,
816,210.853,1305,0.395157,816,6.95289e-310,
52,27.8995,56,0.722222,52,6.95289e-310,
2053,565.647,4765,0.283172,2093,6.95289e-310,
50,34.5563,72,0.480769,50,6.95289e-310,
55,31.5563,65,0.470085,55,6.95289e-310,
45,26.1066,59,0.46875,45,6.95289e-310,
40,23.6569,43,0.8,40,6.95289e-310,
273,116.077,464,0.34125,273,6.95289e-310,
20,15.0355,21,0.714286,20,6.95289e-310,
46,28.8995,60,0.522727,46,6.95289e-310,
91,40.5919,117,0.541667,91,6.95289e-310,
2723,585.103,4994,0.329581,2742,6.95289e-310,
33,23.4853,41,0.52381,33,6.95289e-310,
164,55.4203,195,0.535948,164,6.95289e-310,
15,11.6213,15,0.833333,15,6.95289e-310,
522,174.746,958,0.311828,522,6.95289e-310,
239,79.1127,317,0.513978,239,6.95289e-310,
19,13.4142,19,0.95,19,6.95289e-310,
99,50.1777,130,0.52381,99,6.95289e-310,
413,148.634,792,0.357576,413,6.95289e-310,
93,53.1421,142,0.469697,93,6.95289e-310,
204,111.77,427,0.306306,204,6.95289e-310,
10,9.03553,12,0.5,10,6.95289e-310,
107,58.1777,160,0.370242,107,6.95289e-310,
4374,607.512,7164,0.141115,4374,6.95289e-310,
13,11.4497,13,0.65,13,6.95289e-310,
36,22.6924,42,0.654545,36,6.95289e-310,
37,24.5208,40,0.587302,37,6.95289e-310,
30,24.6924,39,0.37037,30,6.95289e-310,
10,9.24264,11,0.625,10,6.95289e-310,
57,30.9706,63,0.518182,57,6.95289e-310,
1050,254.616,1748,0.41866,1050,6.95289e-310,
17,12,31,0.34,17,6.95289e-310,
35,22.4853,45,0.486111,35,6.95289e-310,
10,9.41421,13,0.333333,10,6.95289e-310,
155,56.7635,192,0.574074,155,6.95289e-310,
176,86.4558,316,0.295798,176,6.95289e-310,
591,169.397,972,0.390873,591,6.95289e-310,
39,22.5208,46,0.541667,39,6.95289e-310,
58,28.7279,66,0.644444,58,6.95289e-310,
1100,274.202,1884,0.462574,1100,6.95289e-310,
31,22.864,40,0.492063,31,6.95289e-310,
206,66.799,248,0.613095,206,6.95289e-310,
13,12.4497,19,0.371429,13,6.95289e-310,
127,71.8345,247,0.348901,127,6.95289e-310,
10,8.20711,14,0.47619,10,6.95289e-310,
14,11.8284,15,0.777778,14,6.95289e-310,
23,15.6569,24,0.766667,23,6.95289e-310,
155,81.0772,289,0.302734,155,6.95289e-310,
140,65.2487,191,0.48951,140,6.95289e-310,
10,9.20711,13,0.555556,10,6.95289e-310,
997,275.173,2037,0.326885,997,6.95289e-310,
12,10.864,14,0.48,12,6.95289e-310,
12,11.2071,16,0.5,12,6.95289e-310,
553,155.433,803,0.455144,553,6.95289e-310,
30,21.0711,32,0.666667,30,6.95289e-310,
573,115.326,661,0.554159,573,6.95289e-310,
30,23.2426,36,0.625,30,6.95289e-310,
3055,602.203,5323,0.428051,3142,6.95289e-310,
85,39.935,97,0.559211,85,6.95289e-310,
12,8.20711,14,0.666667,12,6.95289e-310,
13,11.4142,17,0.371429,13,6.95289e-310,
55,33.8995,66,0.572917,55,6.95289e-310,
70,43.5208,95,0.416667,70,6.95289e-310,
24,21.6569,31,0.4,24,6.95289e-310,
78,40.9706,99,0.433333,78,6.95289e-310,
32,23,40,0.592593,32,6.95289e-310,
1460,494.25,3680,0.235332,1460,6.95289e-310,
48,28.1066,56,0.571429,48,6.95289e-310,
22,20,36,0.423077,22,6.95289e-310,
148,55.0061,177,0.592,148,6.95289e-310,
50,28.4853,56,0.595238,50,6.95289e-310,
107,57.935,146,0.49537,107,6.95289e-310,
39,24.2782,45,0.6,39,6.95289e-310,
430,142.255,705,0.381544,430,6.95289e-310,
44,26.6569,57,0.52381,44,6.95289e-310,
2687,637.718,5237,0.285699,2687,6.95289e-310,
22,18.2426,27,0.458333,22,6.95289e-310,
23,16.4142,24,0.851852,23,6.95289e-310,
373,118.219,527,0.522409,373,6.95289e-310,
803,256.095,1597,0.298735,803,6.95289e-310,
321,167.533,795,0.228307,321,6.95289e-310,
849,179.089,1174,0.489055,849,6.95289e-310,
20,19.4142,27,0.512821,20,6.95289e-310,
59,32.5208,73,0.546296,59,6.95289e-310,
428,134.977,656,0.493656,428,6.95289e-310,
120,52.0416,154,0.470588,120,6.95289e-310,
21,18.8284,28,0.42,21,6.95289e-310,
12,10.4142,19,0.444444,12,6.95289e-310,
31,27.0355,45,0.484375,31,6.95289e-310,
11,11,14,0.611111,11,6.95289e-310,
11,9.82843,13,0.55,11,6.95289e-310,
22,15.6569,23,0.6875,22,6.95289e-310,
49,27.1421,53,0.556818,49,6.95289e-310,
33,22.935,40,0.428571,33,6.95289e-310,
439,131.355,596,0.52512,439,6.95289e-310,
247,81.663,338,0.50823,247,6.95289e-310,
7185,782.525,11746,0.118424,7185,6.95289e-310,
46,29.3137,60,0.511111,46,6.95289e-310,
347,138.29,512,0.466398,347,6.95289e-310,
518,168.361,893,0.360976,518,6.95289e-310,
105,62.3848,153,0.452586,105,6.95289e-310,
75,32.7279,77,0.765306,75,6.95289e-310,
10,9.41421,12,0.416667,10,6.95289e-310,
605,174.947,819,0.541145,662,6.95289e-310,
57,29.6569,61,0.791667,57,6.95289e-310,
2510,640.818,6192,0.27342,2510,6.95289e-310,
15,11.6213,19,0.46875,15,6.95289e-310,
224,93.1482,345,0.407273,224,6.95289e-310,
10,10.4142,10,0.833333,10,6.95289e-310,
16,15,17,0.8,16,6.95289e-310,
21,15.2426,23,0.7,21,6.95289e-310,
181,65.9706,237,0.558642,181,6.95289e-310,
817,190.817,1287,0.527778,817,6.95289e-310,
42,31.864,69,0.388889,42,6.95289e-310,
66,32.9706,71,0.564103,66,6.95289e-310,
17,13.4497,20,0.607143,17,6.95289e-310,
94,50.1421,150,0.373016,94,6.95289e-310,
121,60.4203,162,0.423077,121,6.95289e-310,
385,131.29,588,0.416667,385,6.95289e-310,
67,41.3492,95,0.440789,67,6.95289e-310,
388,89.7696,470,0.543417,388,6.95289e-310,
52,34.2782,78,0.382353,52,6.95289e-310,
77,45.3137,113,0.388889,77,6.95289e-310,
46,25.3137,53,0.575,46,6.95289e-310,
108,48.3848,126,0.613636,108,6.95289e-310,
10,8,13,0.47619,10,6.95289e-310,
19,14.6569,21,0.678571,19,6.95289e-310,
26,20.0355,29,0.65,26,6.95289e-310,
17,13.4497,21,0.485714,17,6.95289e-310,
63,34.8995,77,0.5625,63,6.95289e-310,
162,51.5563,181,0.692308,162,6.95289e-310,
148,72.0772,237,0.391534,148,6.95289e-310,
58,43.2782,110,0.329545,58,6.95289e-310,
43,28.4853,62,0.390909,43,6.95289e-310,
99,51.3848,129,0.55,99,6.95289e-310,
40,29.6924,65,0.43956,40,6.95289e-310,
16,12.2426,17,0.8,16,6.95289e-310,
16,13.864,20,0.457143,16,6.95289e-310,
100,63.6274,185,0.367647,100,6.95289e-310,
10,6.62132,14,0.416667,10,6.95289e-310,
106,66.0416,182,0.368056,106,6.95289e-310,
41,25.6924,49,0.683333,41,6.95289e-310,
11,9.82843,16,0.261905,11,6.95289e-310,
82,37.935,96,0.640625,82,6.95289e-310,
12,10.864,13,0.6,12,6.95289e-310,
36,21.8995,41,0.642857,36,6.95289e-310,
62,34.7279,76,0.516667,62,6.95289e-310,
33,25.864,48,0.471429,33,6.95289e-310,
16,12.2426,17,0.8,16,6.95289e-310,
71,38.7279,89,0.591667,71,6.95289e-310,
238,88.598,308,0.457692,252,6.95289e-310,
14,10.8284,14,0.875,14,6.95289e-310,
12,9.65685,13,0.6,12,6.95289e-310,
3318,573.831,5259,0.153164,3318,6.95289e-310,
10,8.62132,11,0.666667,10,6.95289e-310,
119,57.4203,178,0.396667,119,6.95289e-310,
290,99.598,427,0.446154,290,6.95289e-310,
36,21.6569,40,0.734694,36,6.95289e-310,
32,22.2426,37,0.711111,32,6.95289e-310,
43,27.6924,58,0.558442,43,6.95289e-310,
84,35.7279,97,0.636364,84,6.95289e-310,
155,77.0416,249,0.430556,155,6.95289e-310,
10,9.24264,11,0.625,10,6.95289e-310,
18,14.2426,28,0.45,18,6.95289e-310,
50,30.6924,63,0.47619,50,6.95289e-310,
18,15.4497,21,0.45,18,6.95289e-310,
53,36.6569,74,0.504762,53,6.95289e-310,
18,15.0355,23,0.45,18,6.95289e-310,
11,9.62132,12,0.733333,11,6.95289e-310,
266,142.219,491,0.390029,266,6.95289e-310,
4671,607.512,7176,0.153148,4671,6.95289e-310,
21,17.8284,29,0.5,21,6.95289e-310,
24,17.0355,25,0.685714,24,6.95289e-310,
236,92.2487,384,0.416226,236,6.95289e-310,
70,32.1421,74,0.673077,70,6.95289e-310,
126,54.5919,170,0.435986,126,6.95289e-310,
64,31.9706,81,0.474074,64,6.95289e-310,
30,22.0711,51,0.30303,30,6.95289e-310,
52,31.8995,67,0.433333,52,6.95289e-310,
138,48.799,156,0.624434,138,6.95289e-310,
38,26.6924,48,0.487179,38,6.95289e-310,
22,17.0355,34,0.423077,22,6.95289e-310,
24,18.6569,29,0.533333,24,6.95289e-310,
26,19.864,31,0.65,26,6.95289e-310,
70,34.935,84,0.530303,70,6.95289e-310,
52,32.935,74,0.40625,52,6.95289e-310,
42,31.1066,85,0.3,42,6.95289e-310,
380,133.497,577,0.521262,380,6.95289e-310,
44,35.6569,87,0.282051,44,6.95289e-310,
13,10.6569,14,0.541667,13,6.95289e-310,
183,108.634,413,0.335165,183,6.95289e-310,
40,33.864,71,0.25974,40,6.95289e-310,
19,16.8284,34,0.395833,19,6.95289e-310,
42,32.0355,64,0.42,42,6.95289e-310,
12,11.0355,13,0.666667,12,6.95289e-310,
15,11.4142,20,0.5,15,6.95289e-310,
45,24.6569,52,0.5625,45,6.95289e-310,
48,34.4853,73,0.360902,48,6.95289e-310,
24,21.6569,41,0.380952,24,6.95289e-310,
13,11.2426,15,0.65,13,6.95289e-310,
72,46.4203,102,0.307692,72,6.95289e-310,
18,14.4497,20,0.514286,18,6.95289e-310,
41,26.6569,51,0.640625,41,6.95289e-310,
13,10.6213,14,0.65,13,6.95289e-310,
14,12.2426,21,0.388889,14,6.95289e-310,
107,68.1777,181,0.382143,139,6.95289e-310,
32,18.8284,33,0.914286,32,6.95289e-310,
38,31.0711,56,0.59375,38,6.95289e-310,
160,62.3848,211,0.448179,160,6.95289e-310,
10,8.82843,10,0.833333,10,6.95289e-310,
2949,564.558,4867,0.129638,2949,6.95289e-310,
28,18.8995,32,0.5,28,6.95289e-310,
